#!MLF!#
"0001.rec"
0 10100000 C -7627.560059
/// 
0 5300000 C -3905.354980
5300000 6600000 V -1062.496460
6600000 10100000 C -2664.974854
/// 
0 8900000 C -6719.755371
8900000 10100000 V -917.452148
/// 
0 5300000 C -3905.354980
5300000 5800000 V -435.424530
5800000 6600000 V -631.898193
6600000 10100000 C -2664.974854
/// 
0 2900000 C -2020.528931
2900000 10100000 C -5618.454590
.
"0002.rec"
0 3200000 C -2068.348877
3200000 10900000 C -4924.490723
10900000 12000000 V -856.677307
12000000 13300000 V -987.693176
13300000 14400000 C -826.712830
14400000 15700000 V -1033.562378
15700000 18400000 C -1957.687500
18400000 22900000 C -2563.804443
/// 
0 1000000 C -627.234375
1000000 1300000 V -233.054031
1300000 3200000 C -1208.342407
3200000 10900000 C -4924.490723
10900000 12000000 V -856.677307
12000000 13300000 V -987.693176
13300000 14400000 C -826.712830
14400000 15700000 V -1033.562378
15700000 18400000 C -1957.687500
18400000 22900000 C -2563.804443
/// 
0 1400000 C -928.577454
1400000 3200000 C -1144.373779
3200000 10900000 C -4924.490723
10900000 12000000 V -856.677307
12000000 13300000 V -987.693176
13300000 14400000 C -826.712830
14400000 15700000 V -1033.562378
15700000 18400000 C -1957.687500
18400000 22900000 C -2563.804443
/// 
0 3200000 C -2068.348877
3200000 10900000 C -4924.490723
10900000 12000000 V -856.677307
12000000 12400000 C -311.542572
12400000 13300000 V -686.131775
13300000 14400000 C -826.712830
14400000 15700000 V -1033.562378
15700000 18400000 C -1957.687500
18400000 22900000 C -2563.804443
/// 
0 1000000 C -627.234375
1000000 1300000 V -233.054031
1300000 3200000 C -1208.342407
3200000 10900000 C -4924.490723
10900000 12000000 V -856.677307
12000000 12400000 C -311.542572
12400000 13300000 V -686.131775
13300000 14400000 C -826.712830
14400000 15700000 V -1033.562378
15700000 18400000 C -1957.687500
18400000 22900000 C -2563.804443
.
