326 0 1 144 3 12 12 2 
1 64 1 0 2
 -1.332013e+01 -5.497896e+00 -8.013033e+00 -9.394035e+00 -6.769001e+00 -2.261324e+00 3.239621e+00 1.145928e+00 1.620998e+00 -3.671893e+00 -4.264359e+00 4.615291e+00
 1.217671e-01 8.626956e-02 5.353330e-02 1.542888e-01 4.952346e-02 6.900606e-02 8.926173e-02 1.003941e-01 8.551548e-02 1.679274e-01 1.873958e-01 1.655395e-01

1 63 2 0 3
 -2.428141e+01 -1.819709e+00 -8.735883e+00 -7.627527e+00 -2.379104e+00 -1.089385e+01 8.726978e-01 -4.211535e+00 -3.899381e+00 -5.627714e+00 -5.976184e+00 -1.096653e+00
 9.952860e-02 1.053073e-01 1.622664e-01 1.054903e-01 1.013970e-01 1.126389e-01 1.081419e-01 9.903266e-02 1.140494e-01 1.157117e-01 1.516838e-01 1.636851e-01

1 62 3 0 4
 -1.826700e+01 -1.378157e+01 -7.314359e-01 -1.172788e+01 -1.156585e+01 -8.315092e-01 -6.247992e+00 1.105790e+00 5.501982e+00 -5.801931e+00 -2.307704e+00 2.195702e+00
 4.381322e-02 8.612945e-02 6.809495e-02 1.067473e-01 6.538997e-02 9.356708e-02 6.910421e-02 4.591672e-02 4.938687e-02 1.961543e-01 1.336395e-01 1.196039e-01

1 61 4 0 5
 -1.055865e+01 -4.808917e+00 3.242229e+00 -1.186531e+01 -1.054073e+01 -2.751729e+00 8.709542e-01 9.743311e+00 -8.253925e+00 -4.807452e+00 -3.829618e+00 -4.380916e+00
 3.047539e-02 4.919133e-02 6.366605e-02 9.108287e-02 1.186463e-01 3.840207e-02 5.707936e-02 6.651951e-02 5.185885e-02 8.090446e-02 1.087733e-01 8.785125e-02

1 60 5 0 6
 -2.241200e+01 -1.111586e+01 3.017643e+00 -7.447241e+00 -1.400202e+01 -2.002436e+00 2.388169e+00 -3.607650e+00 1.794771e+00 -1.592976e+00 -5.197089e+00 -2.334691e+00
 4.244157e-02 1.141623e-01 1.304487e-01 4.922326e-02 8.309680e-02 9.592162e-02 7.548101e-02 1.082081e-01 1.001062e-01 8.302026e-02 9.169825e-02 7.412540e-02

1 59 6 0 7
 3.711898e+00 -9.315116e+00 -1.211166e+01 -2.094493e+01 -1.571491e+01 1.489386e+01 -9.860758e+00 -1.538536e+00 -4.652604e+00 4.098885e+00 2.261133e+00 -6.650379e+00
 4.975039e-01 1.948880e-01 1.843022e-01 1.194584e-01 6.771430e-02 7.725070e-02 7.543814e-02 7.510831e-02 6.052018e-02 1.238519e-01 5.996810e-02 1.269223e-01

1 58 7 0 8
 -2.606512e+01 -3.312448e+00 -3.450781e+00 -1.900878e+01 5.191413e+00 -9.296146e+00 -2.242417e+00 2.509914e+00 1.168778e+00 1.058944e+00 -6.839632e-01 -4.887366e-01
 1.550194e-01 2.363468e-01 1.484009e-01 1.163004e-01 6.004422e-02 8.466829e-02 8.647617e-02 1.097739e-01 1.369237e-01 1.184678e-01 1.603563e-01 1.277673e-01

1 57 8 0 9
 -1.535011e+00 -9.227636e+00 6.542010e-01 -6.159214e+00 -1.321899e+01 -3.471297e+00 -1.125224e+01 5.267863e+00 4.134365e+00 -7.104057e+00 -9.933346e+00 -3.724604e-01
 1.568672e-01 5.939159e-02 7.334877e-02 6.418339e-02 3.447516e-02 7.720654e-02 5.421505e-02 5.929011e-02 6.155217e-02 1.715725e-01 9.662595e-02 1.012785e-01

1 56 9 0 10
 -1.634323e+01 -8.147833e-01 -6.308084e+00 -3.281217e+00 -5.497429e+00 -2.247097e+00 -1.263682e+00 4.237728e-01 -2.375553e+00 1.671677e+00 4.953179e-01 -6.430727e-01
 4.214413e-02 1.746842e-01 1.222575e-01 1.429757e-01 1.185150e-01 1.203207e-01 1.563180e-01 1.443712e-01 1.803027e-01 2.196311e-01 2.539898e-01 2.377079e-01

1 55 10 0 11
 3.109400e+00 -1.704451e+01 -1.080255e+01 -5.186090e+00 -1.697262e+01 -2.796563e-01 -8.980132e+00 1.210890e+01 -2.985568e-01 -3.369007e+00 -3.974430e+00 -7.292808e+00
 2.679836e-01 1.572599e-01 5.947270e-02 4.126942e-02 5.656835e-02 8.545762e-02 1.118668e-01 2.359081e-01 2.726641e-01 1.924956e-01 7.886582e-02 2.259856e-01

1 54 11 0 12
 -1.774982e+01 -5.844189e+00 -1.029932e+01 -1.014318e+01 -5.446605e+00 -6.755869e+00 -2.203974e+00 -3.857147e+00 -8.593474e-01 -1.779503e-02 -8.024170e-01 -5.055053e-01
 1.428390e-01 1.987560e-01 1.092013e-01 7.130928e-02 1.331697e-01 1.151094e-01 1.463324e-01 1.038209e-01 1.291920e-01 1.868816e-01 2.397525e-01 2.437077e-01

1 53 12 0 13
 4.793801e+00 -1.254261e+01 -1.785809e+01 -1.096340e+01 -7.733580e+00 8.657900e+00 -4.192000e+00 -1.802553e+00 -3.172689e+00 1.728829e+00 -1.962886e+00 -1.346349e+01
 7.180365e-01 7.190160e-02 2.818375e-01 8.404886e-02 1.235799e-01 4.478032e-02 1.436481e-01 7.375241e-02 1.435941e-01 3.109497e-01 8.104844e-02 2.455840e-01

1 52 13 0 14
 -5.237680e+00 5.612197e-01 4.829641e+00 -2.249370e+00 -1.325028e+01 2.337972e+00 -5.304106e+00 -1.198791e+01 -7.007637e+00 -1.889742e+00 -6.690704e+00 3.806662e+00
 6.410392e-02 5.359034e-02 6.285839e-02 7.731693e-02 9.716476e-02 4.938322e-02 6.702111e-02 1.196748e-01 1.110148e-01 1.268676e-01 2.805608e-01 1.274003e-01

1 51 14 0 15
 -1.856696e+01 -2.133432e+00 -4.538329e+00 -5.506292e-01 -1.548250e+00 1.901205e-01 -1.050967e+00 -9.318296e-01 -1.321187e+00 -1.319495e+00 -1.114581e+00 3.030719e+00
 5.373403e-01 2.473896e-01 1.517162e-01 3.504544e-01 1.416683e-01 7.972621e-02 1.406871e-01 2.912126e-01 1.304706e-01 1.969747e-01 1.122043e-01 2.356252e-01

1 50 15 0 16
 1.914711e+00 -7.695125e+00 -1.695430e+00 -5.062555e+00 -1.144955e+01 -2.352089e+00 -2.216142e+01 -6.831588e+00 -3.003233e+00 4.650522e+00 1.434380e+00 -9.389259e+00
 3.609552e-01 1.754766e-01 5.973740e-02 4.151619e-01 1.526681e-01 5.423872e-02 1.011549e-01 6.540707e-02 1.550334e-01 1.877555e-01 1.261019e-01 3.177017e-01

1 49 16 0 17
 -2.636208e+00 -7.989947e+00 8.359392e+00 -1.102613e+01 -2.225401e+01 -1.048136e+01 -3.131021e+00 2.891981e+00 -7.541160e+00 1.768587e+00 5.651835e-01 1.068600e+00
 1.866826e-01 8.408885e-02 1.134747e-01 9.765190e-02 7.743375e-02 8.098803e-02 8.031316e-02 1.172786e-01 8.653868e-02 1.105015e-01 1.397142e-01 1.413720e-01

1 48 17 0 18
 -2.907243e+00 -1.456393e+01 -1.105532e+01 -1.382896e+01 -6.243049e+00 7.228702e+00 -1.284407e+01 1.604308e+00 6.458684e+00 1.738513e+00 -1.033012e+01 -1.204580e+01
 2.314663e-02 4.151437e-02 6.915086e-02 7.261164e-02 3.711876e-02 4.363470e-02 4.195368e-02 6.146155e-02 1.156818e-01 7.329082e-02 6.195374e-02 4.079808e-02

1 47 18 0 19
 -1.811171e+01 -1.322957e+00 -5.961321e+00 -3.528637e+00 -9.324851e-01 1.361126e+00 -7.159860e-01 4.599372e-01 6.351893e-01 -2.353277e-02 -3.291569e+00 -3.644215e+00
 9.683494e-02 1.469779e-01 1.496372e-01 1.902470e-01 6.483267e-02 9.834053e-02 8.155843e-02 1.130809e-01 1.068087e-01 1.044388e-01 1.698052e-01 3.552441e-01

1 46 19 0 20
 -4.054992e+00 -1.088032e+01 1.615099e+01 -9.080686e+00 -2.538641e+01 -4.275915e+00 -1.250289e+01 -6.970431e-01 -1.454034e+01 5.408891e-01 2.853124e+00 -2.189412e+00
 6.326737e-01 1.606196e-01 1.452885e-01 1.976513e-01 8.077373e-02 5.415561e-02 1.778369e-01 6.696153e-02 1.512754e-01 8.406402e-02 7.088581e-02 1.091246e-01

1 45 20 0 21
 -2.574489e+01 -1.842576e+00 -9.600108e+00 -1.006056e+01 -1.538285e+00 -9.815883e+00 2.785522e+00 2.527717e-01 6.075495e-01 -5.749639e-01 -2.873355e+00 1.320665e-01
 1.421066e-01 1.826280e-01 1.127884e-01 1.191106e-01 1.102493e-01 1.157236e-01 1.556162e-01 9.878033e-02 1.422366e-01 3.040562e-01 2.540444e-01 1.264096e-01

1 44 21 0 22
 -1.793601e+01 -2.150612e+00 -8.085810e+00 -6.693283e+00 -3.568616e+00 -8.923143e-01 -2.846190e+00 -3.481247e+00 -2.455625e+00 -1.337029e+00 2.639268e+00 4.039898e+00
 4.473459e-02 1.221178e-01 6.895592e-02 1.062035e-01 7.772706e-02 9.151646e-02 9.473262e-02 9.840345e-02 1.404648e-01 1.131360e-01 1.266022e-01 1.636091e-01

1 43 22 0 23
 -1.767588e+01 -5.958422e+00 -5.726416e+00 -1.107222e+01 -5.500952e+00 -3.245204e+00 -4.887365e+00 -4.994296e+00 -6.451913e+00 -2.369813e+00 -5.265448e+00 2.002504e-01
 6.943105e-02 6.817403e-02 1.052580e-01 4.578923e-02 3.398110e-02 7.320711e-02 5.735356e-02 6.740326e-02 8.016966e-02 1.168837e-01 1.019509e-01 1.363357e-01

1 42 23 0 24
 -3.014511e+00 -9.482493e+00 6.268650e-01 -8.288904e+00 -1.774214e+01 -1.127548e+01 -4.586415e+00 6.899190e+00 -2.003306e-02 8.369594e-01 -1.254761e+00 1.653810e+00
 3.015736e-02 1.011162e-01 7.871783e-02 4.734789e-02 8.433185e-02 4.961246e-02 7.370424e-02 7.207382e-02 6.089687e-02 8.756793e-02 8.458555e-02 7.284760e-02

1 41 24 0 25
 3.913739e+00 -2.352983e+00 -1.360529e+01 -2.062946e+01 -1.446979e+01 8.672603e+00 -3.600564e+00 -4.025300e+00 -4.318013e+00 7.362913e-01 -1.115354e-01 -2.258707e-01
 3.043639e-01 8.496270e-02 1.248002e-01 5.948232e-02 4.595589e-02 8.478070e-02 1.152897e-01 1.554621e-01 1.255271e-01 8.464132e-02 8.577848e-02 1.244584e-01

1 40 25 0 26
 -2.670158e+00 -4.003757e+00 -1.316878e+00 2.591657e+00 -6.595364e+00 -3.027453e-01 -9.536717e+00 -1.200384e+01 -9.806856e+00 3.752582e+00 -1.757465e+00 -1.541982e+00
 9.941597e-02 5.828007e-02 9.221766e-02 3.736644e-02 4.056380e-02 4.392307e-02 4.023477e-02 8.492400e-02 8.524006e-02 6.461597e-02 8.002757e-02 6.314782e-02

1 39 26 0 27
 -5.045514e-01 -1.977577e+01 7.144110e-01 -1.066998e+01 -2.154000e+01 -6.233492e-01 -4.109935e+00 9.977874e+00 -1.704490e+00 -3.853380e+00 -5.742704e+00 -3.930131e+00
 1.048896e-01 1.510874e-01 7.155884e-02 1.163240e-01 8.189243e-02 7.783546e-02 1.087648e-01 1.713981e-01 1.615259e-01 1.027667e-01 1.042757e-01 1.524449e-01

1 38 27 0 28
 -1.458972e+01 -5.414742e+00 -9.764462e+00 -7.270879e+00 -4.308610e+00 -3.263673e+00 -1.250272e+00 1.355180e-03 -1.630004e+00 -2.661962e+00 -4.183151e+00 -1.583699e+00
 8.032922e-02 1.303239e-01 1.027209e-01 1.452029e-01 9.379436e-02 1.507815e-01 1.338631e-01 1.184412e-01 9.961912e-02 1.370707e-01 2.020661e-01 3.656117e-01

1 37 28 0 29
 -1.408119e+00 -1.137466e+01 8.755013e+00 -7.806905e+00 -1.882760e+01 -8.618912e+00 -1.439860e+01 2.626227e+00 -4.644870e+00 -6.243305e+00 7.573631e-01 -3.023284e-01
 2.309857e-01 4.668060e-02 7.257541e-02 7.663499e-02 7.499822e-02 5.083483e-02 5.148354e-02 8.724269e-02 7.046428e-02 1.200152e-01 1.006605e-01 1.241061e-01

1 36 29 0 30
 -1.324024e+01 -1.085211e+01 -1.499886e+01 -1.354722e+01 -1.748649e+00 -4.918872e+00 -8.066586e+00 -2.921089e+00 3.238327e+00 3.948157e+00 -9.276849e-01 -2.848954e+00
 8.751559e-02 3.409286e-02 3.135621e-02 5.932385e-02 4.351559e-02 3.834673e-02 6.447515e-02 4.357257e-02 1.199935e-01 1.593850e-01 9.575951e-02 1.191487e-01

1 35 30 0 31
 -1.739144e+01 -8.289247e-01 -2.001340e+00 7.238333e-01 -4.780729e-01 -1.790215e-01 -1.115192e-01 4.467821e-01 3.523152e-01 2.891467e+00 1.509371e-01 -1.082368e-01
 1.211778e-01 8.419068e-02 7.194475e-02 1.837780e-01 2.517996e-01 1.251291e-01 6.718983e-02 1.816768e-01 2.680156e-01 2.009613e-01 2.174958e-01 2.081930e-01

1 34 31 0 32
 -2.593464e+01 -4.979844e-01 -8.769297e+00 -9.612941e+00 -1.399776e+00 -3.552402e+00 3.094956e+00 -3.478829e+00 -4.843523e-01 -5.252411e+00 -3.209831e+00 -7.872864e-01
 2.724819e-01 1.879167e-01 9.612350e-02 1.214854e-01 1.656777e-01 6.932724e-02 6.899537e-02 9.351564e-02 2.416060e-01 1.994889e-01 1.197852e-01 3.316144e-01

1 33 32 0 33
 -2.654351e+01 -7.512487e+00 5.029175e+00 -9.122487e+00 -6.852844e+00 4.449910e+00 -1.743005e+00 -1.019095e+00 1.749697e+00 -3.309452e+00 3.822576e-01 3.401484e+00
 6.040471e-02 8.788830e-02 1.443232e-01 5.874354e-02 7.646149e-02 6.042678e-02 4.984292e-02 8.838129e-02 1.290971e-01 1.475538e-01 1.018530e-01 1.139980e-01

1 32 33 0 34
 3.623573e+00 -5.325343e+00 -1.439130e+01 -1.654938e+01 -1.307722e+01 7.779762e+00 -8.022758e+00 -4.812335e+00 -5.477184e+00 8.262738e+00 6.321048e+00 -5.370396e+00
 5.628095e-01 9.917589e-02 1.055274e-01 5.685585e-02 3.294687e-01 5.351909e-02 9.557182e-02 1.475508e-01 2.176096e-01 1.504420e-01 8.211774e-02 1.791653e-01

1 31 34 0 35
 -1.761174e+01 -5.889008e+00 -8.396654e+00 -1.221459e+01 3.030510e-01 3.774254e+00 -3.236177e+00 1.295920e+00 -5.049484e+00 -2.924970e+00 -9.230655e-02 -4.206842e+00
 6.343126e-02 1.228993e-01 4.212888e-02 1.390936e-01 1.129054e-01 4.011036e-02 8.476348e-02 7.807294e-02 9.429442e-02 6.085316e-02 1.042179e-01 1.588169e-01

1 30 35 0 36
 2.517366e+00 -1.847061e+01 -1.304540e+01 -9.238400e+00 -1.312309e+01 9.671052e+00 -9.137849e+00 5.328157e+00 -1.452353e+00 1.984032e+00 -1.300857e+01 -1.004091e+01
 3.648104e-01 9.720728e-02 8.190598e-02 5.246062e-02 6.183705e-02 6.716280e-02 6.020917e-02 4.267995e-02 1.293665e-01 1.084401e-01 2.076881e-01 1.349272e-01

1 29 36 0 37
 2.055991e+00 -2.036031e+01 -6.355100e+00 -6.923863e+00 -1.682312e+01 2.630782e+00 -7.803583e+00 5.364013e+00 7.101339e+00 -4.006003e+00 -1.098668e+01 -7.041184e+00
 2.344538e-01 8.397505e-02 9.718642e-02 8.880592e-02 3.395448e-02 7.654264e-02 1.055148e-01 1.095146e-01 6.100928e-02 6.033070e-02 6.590851e-02 1.203080e-01

1 28 37 0 38
 -6.614104e+00 1.131340e-01 1.358559e+01 -1.120274e+01 -1.937146e+01 -5.782678e+00 -1.057416e+01 -3.153363e+00 -1.652348e+01 -3.133130e-02 -2.939906e+00 -7.333114e-01
 1.585614e-01 4.580463e-02 1.322084e-01 6.255686e-02 6.501657e-02 3.628242e-02 5.880918e-02 5.903393e-02 6.581156e-02 1.014927e-01 1.043972e-01 9.596196e-02

1 27 38 0 39
 -1.393363e+01 -2.769344e+00 -5.044204e+00 -5.866661e+00 -4.573875e+00 -3.292658e-01 3.708481e+00 4.869174e+00 8.684950e-01 -2.383085e+00 -1.354100e+00 2.503109e+00
 1.350514e-01 6.437008e-02 5.598773e-02 1.475507e-01 6.597260e-02 8.631408e-02 4.774682e-02 8.029673e-02 1.587076e-01 1.917693e-01 1.446787e-01 1.328982e-01

1 26 39 0 40
 -1.043117e+01 8.116734e-02 6.430064e-01 -7.617230e+00 -9.321026e+00 -8.705024e+00 -4.998833e+00 -3.351206e+00 8.909286e-01 -2.728344e+00 -3.779054e+00 1.634885e+00
 5.131203e-02 8.513939e-02 5.167917e-02 5.351074e-02 4.768215e-02 3.211735e-02 5.757412e-02 5.344121e-02 8.217315e-02 6.961665e-02 9.572914e-02 1.060954e-01

1 25 40 0 41
 2.862856e+00 -1.469643e+01 -1.461085e+01 -1.143456e+01 -7.318049e+00 1.366671e+01 -1.418257e+01 -3.368834e+00 7.507222e+00 -4.534141e+00 -6.580627e+00 -7.334440e+00
 2.667730e-01 5.139257e-02 9.378049e-02 5.084570e-02 5.877424e-02 4.045227e-02 5.858893e-02 1.301303e-01 1.078574e-01 8.927982e-02 6.671546e-02 9.436400e-02

1 24 41 0 42
 -5.438241e+00 -4.393301e+00 -1.310216e+01 -7.143429e+00 -3.291476e+00 1.905148e+00 -5.055331e+00 -5.318088e+00 -2.293489e-01 1.559870e+00 -1.548920e+00 -3.584244e+00
 3.121778e-02 5.889169e-02 8.688092e-02 1.253525e-01 4.841868e-02 3.788546e-02 4.832488e-02 1.220256e-01 6.787373e-02 6.444693e-02 8.870271e-02 1.062024e-01

1 23 42 0 43
 -1.215341e+01 -4.013685e+00 -7.988126e+00 -6.140858e+00 -3.268579e+00 -6.428712e-01 1.666969e+00 5.917117e+00 -7.114496e-01 -4.702291e+00 -1.109000e+01 -4.400174e-01
 3.451363e-02 6.557661e-02 7.606933e-02 8.602567e-02 5.721416e-02 8.820309e-02 7.612397e-02 5.747213e-02 6.604962e-02 9.269512e-02 9.244113e-02 1.291610e-01

1 22 43 0 44
 -2.445007e+01 8.855879e-01 -5.626787e+00 -8.069640e+00 -7.764180e-01 -9.567269e+00 8.179946e-01 -3.132318e+00 5.485337e-01 2.066938e+00 6.445973e-01 1.847396e+00
 4.051951e-02 9.872019e-02 7.199267e-02 1.234722e-01 1.760734e-01 1.018635e-01 1.072219e-01 1.151761e-01 8.829521e-02 1.212856e-01 1.290608e-01 1.415438e-01

1 21 44 0 45
 -1.661343e+01 -5.728043e+00 -7.405200e+00 -6.751770e+00 -1.506951e+00 2.657450e-01 -1.522791e+00 3.851528e+00 4.730307e+00 3.754400e+00 1.847668e+00 1.130611e+00
 4.781036e-02 6.977192e-02 7.689106e-02 7.546767e-02 8.138079e-02 9.513598e-02 5.370919e-02 6.446397e-02 1.069128e-01 1.558862e-01 1.250210e-01 9.183710e-02

1 20 45 0 46
 -2.166568e+01 -4.920949e-01 -1.798849e+00 -1.428854e+01 3.980304e+00 -8.036595e+00 -2.059441e+00 1.512042e+00 -1.692702e+00 -1.686253e+00 -5.026236e+00 -3.000320e+00
 5.353372e-02 4.931344e-02 8.110629e-02 9.924000e-02 7.198433e-02 6.074476e-02 4.525809e-02 7.246849e-02 1.365104e-01 9.882819e-02 1.287055e-01 1.266979e-01

1 19 46 0 47
 4.716992e-01 -3.499050e+00 -4.267293e+00 -1.880241e+01 -7.344208e+00 3.358634e+00 -1.721614e+01 -7.044708e+00 -1.705162e+00 1.056369e+01 -6.039658e+00 -2.388448e+00
 2.073875e-01 4.483207e-02 3.573282e-02 6.665680e-02 6.111114e-02 3.330171e-02 3.510365e-02 5.153824e-02 8.168927e-02 1.518083e-01 8.172484e-02 2.255643e-01

1 18 47 0 48
 -7.869503e+00 -8.706184e+00 -2.189962e+00 -2.371227e+00 -4.683255e+00 -1.685401e+01 -2.801776e+00 1.752159e+00 -5.504490e+00 3.418698e-01 -6.074438e+00 2.707736e+00
 5.071527e-02 4.632011e-02 2.984372e-02 5.045270e-02 3.422774e-02 4.520607e-02 2.889330e-02 4.418414e-02 8.027971e-02 9.795438e-02 1.002833e-01 7.437372e-02

1 17 48 0 49
 -6.096178e-01 4.007353e+00 -6.392223e+00 -1.561285e+01 -7.824722e+00 7.253838e-01 -6.843918e+00 -7.440452e+00 -1.016505e+01 -1.570032e+00 1.545682e+00 -1.449768e+00
 5.822451e-02 1.372192e-01 7.833628e-02 5.020739e-02 2.026538e-02 5.664078e-02 4.540614e-02 6.773614e-02 4.799643e-02 5.868751e-02 5.821497e-02 1.400152e-01

1 16 49 0 50
 -2.061730e+01 -2.019232e+01 -7.606407e+00 1.053446e+01 6.790562e+00 -1.640738e+01 1.414852e+01 -5.802838e+00 -6.944827e+00 2.368551e+00 -5.525244e+00 -3.012295e+00
 8.417177e-02 4.158622e-02 3.144388e-02 2.586841e-02 5.927253e-01 2.737556e-01 1.658459e-02 5.626667e-02 5.921743e-02 1.902098e-02 3.152812e-02 3.457390e-01

1 15 50 0 51
 -1.086489e+01 -1.366385e+01 -3.367585e+00 -1.188268e+00 -5.824864e+00 -5.352239e+00 -1.546818e+00 7.928678e+00 -2.578804e-01 -8.901214e+00 -6.950557e+00 1.536574e+00
 2.403525e-02 6.131044e-02 2.923306e-02 2.987773e-02 4.057033e-02 4.353508e-02 2.294445e-02 4.433620e-02 3.077988e-02 1.142472e-01 6.714227e-02 1.123645e-01

1 14 51 0 52
 -1.375381e+01 -4.247579e+00 5.411132e+00 -1.883978e+00 -1.057151e+01 -8.891398e+00 2.535141e+00 3.775047e+00 -9.008003e+00 -2.298805e+00 -9.860904e-01 -2.982622e-01
 3.694792e-02 7.115746e-02 8.871039e-02 8.804981e-02 4.260172e-02 8.261127e-02 5.659322e-02 8.559977e-02 4.636036e-02 8.887039e-02 1.245847e-01 1.014026e-01

1 13 52 0 53
 3.825997e+00 -1.019470e+01 -1.134197e+01 5.415588e-01 -1.040172e+01 -9.445205e+00 -1.174300e+01 9.451373e-01 5.065080e+00 -3.328840e+00 -2.795265e+00 3.120315e+00
 6.129232e-02 5.891655e-02 1.372580e-02 9.107749e-02 4.491116e-02 7.337458e-02 4.964961e-02 1.119168e-01 1.096013e-01 5.603627e-02 7.489239e-02 9.161093e-02

1 12 53 0 54
 -1.961963e+00 -6.692809e+00 -2.001441e-01 -9.984117e+00 -8.312482e+00 -3.595846e+00 -1.438793e+01 4.355859e+00 5.986009e+00 -1.844834e+00 -7.649256e+00 -1.519692e+00
 8.140323e-02 7.888691e-02 6.268590e-02 8.880951e-02 3.956280e-02 6.586578e-02 5.078926e-02 8.572715e-02 9.567046e-02 1.629157e-01 1.505033e-01 1.058246e-01

1 11 54 0 55
 -9.145902e+00 -1.413849e+01 -1.332261e+01 -6.520996e+00 4.557607e-01 3.301786e+00 -3.295171e-01 1.489300e+00 6.993420e+00 -6.090439e+00 -9.701844e+00 -1.251609e+00
 5.794512e-02 1.113209e-01 7.957880e-02 3.648531e-02 4.874726e-02 1.246807e-01 3.654215e-02 3.149470e-02 6.781245e-02 7.735550e-02 5.826188e-02 2.264217e-01

1 10 55 0 56
 -1.180427e+01 3.647022e+00 1.390533e+00 2.376870e+00 -1.741644e+00 -3.196353e-01 -3.499880e+00 -5.768591e+00 -3.833388e+00 -2.604625e+00 -5.400262e+00 -2.439465e+00
 6.577071e-02 1.090979e-01 9.106248e-02 7.021707e-02 6.811922e-02 1.084694e-01 1.163606e-01 6.550784e-02 9.385673e-02 1.439985e-01 5.966403e-02 7.586646e-02

1 9 56 0 57
 1.874640e+00 -1.564147e+01 -2.441074e+00 -5.274889e+00 -1.814770e+01 -8.728581e+00 -1.625121e+01 9.578165e+00 -4.386004e-01 1.463885e+00 1.414976e-01 -3.557939e+00
 3.324809e-01 1.112350e-01 5.622433e-02 1.010434e-01 4.602673e-02 4.240832e-02 6.518841e-02 5.009418e-02 6.370233e-02 1.080359e-01 1.392608e-01 1.150791e-01

1 8 57 0 58
 1.906364e+00 -1.208773e+01 -8.479047e+00 -7.201521e+00 -1.179182e+01 -2.814371e+00 -4.643915e+00 9.131196e+00 1.179648e+00 -2.020033e+00 -8.596079e+00 -5.181626e+00
 1.427533e-01 9.481174e-02 6.727666e-02 5.027536e-02 3.507490e-02 4.179317e-02 7.856696e-02 6.864919e-02 1.219834e-01 1.705362e-01 8.877958e-02 1.194361e-01

1 7 58 0 59
 3.652524e+00 -1.041269e+01 -1.357236e+01 -8.199497e+00 -1.285233e+01 6.350680e-01 -8.574880e+00 -7.049842e-01 2.193355e+00 5.458235e+00 6.160259e-01 -1.279524e+01
 1.948179e-01 5.715592e-02 1.356368e-01 1.308717e-01 4.173721e-02 6.586082e-02 3.272187e-02 1.382719e-01 5.689951e-02 1.174370e-01 9.115808e-02 1.742637e-01

1 6 59 0 60
 -1.092453e+00 -4.010186e+00 8.013568e-01 -5.578741e+00 -6.453000e+00 -9.156375e+00 -1.868353e+01 -2.469394e+00 -3.219586e+00 5.128490e+00 -6.541768e+00 -3.562579e+00
 1.075714e-01 9.733285e-02 5.014110e-02 7.476151e-02 3.462020e-02 1.065877e-01 5.328970e-02 1.777928e-01 6.043151e-02 8.320764e-02 9.516662e-02 1.503447e-01

1 5 60 0 61
 -1.849297e+01 -8.419019e+00 2.702562e+00 -7.321314e+00 -1.212414e+01 -4.412412e+00 1.396458e+00 -1.122673e+00 -1.623893e+00 4.336560e+00 1.293061e+00 1.420948e-02
 3.985888e-02 4.855706e-02 8.650924e-02 4.892322e-02 5.219935e-02 5.424026e-02 7.695455e-02 6.838416e-02 1.168950e-01 1.990329e-01 1.074646e-01 5.581134e-02

1 4 61 0 62
 -7.432835e+00 -2.715326e+00 6.246908e+00 -1.014251e+01 -1.792883e+01 -5.864928e-01 3.011470e-01 -2.363453e+00 -8.593863e+00 6.307993e+00 -3.611211e+00 -4.058719e+00
 5.618339e-02 4.752572e-02 3.326947e-02 5.350554e-02 3.912940e-02 4.357948e-02 8.036594e-02 4.659944e-02 3.442528e-02 6.546895e-02 7.882839e-02 6.623589e-02

1 3 62 0 63
 2.814005e+00 -5.666842e+00 -1.439637e+01 -2.057754e+01 -5.539705e+00 1.274092e+01 -1.319483e+01 3.856097e+00 -1.100915e+00 -7.399887e+00 -2.081363e+00 -7.507254e-01
 3.881342e-01 8.576868e-02 7.525363e-02 6.484962e-02 5.564484e-02 5.038683e-02 3.450757e-02 5.026934e-02 7.347632e-02 7.903428e-02 7.167432e-02 1.083841e-01

1 2 63 0 64
 -4.517602e+00 -5.781976e+00 5.955352e+00 -2.714617e+00 -1.614077e+01 7.467462e-01 -9.244803e+00 -6.420669e+00 -1.412945e+00 -3.348486e+00 -6.592562e+00 3.480857e+00
 1.519193e-01 5.289046e-02 1.255873e-01 7.065293e-02 6.563372e-02 4.624007e-02 8.061040e-02 7.433499e-02 9.502385e-02 1.071612e-01 8.484825e-02 1.553857e-01

1 1 64 0 0
 -2.264107e+01 -1.523140e+00 -7.516783e+00 -6.587609e+00 -1.114561e+00 -1.148188e+01 3.185408e-01 -8.546824e-01 1.274616e+00 -5.514516e+00 -1.630174e+00 4.680082e+00
 4.684689e-02 1.986983e-01 8.834821e-02 8.667179e-02 6.685103e-02 7.648251e-02 1.348902e-01 9.287773e-02 1.023917e-01 3.307518e-01 1.446047e-01 2.034249e-01

2 64 1 0 2
 1.592679e-01 1.751524e-02 -5.204811e-01 6.496283e-02 -4.453637e-01 1.872799e-01 5.757486e-01 1.447256e-01 -2.971075e-02 1.349106e-01 -9.858609e-01 -7.598775e-01
 2.331785e+00 2.010971e+00 1.230235e+00 1.559694e+00 8.321404e-01 1.662359e+00 1.130510e+00 1.272597e+00 1.234952e+00 2.485908e+00 2.090720e+00 2.263607e+00

2 63 2 0 3
 -7.218269e-02 3.096991e-01 -1.623312e-01 4.828950e-01 -5.101626e-01 -3.456125e-01 2.294366e-01 -3.295460e-01 4.956204e-01 -1.509595e-01 -2.172252e-01 1.689969e-01
 5.478593e+00 1.979213e+00 2.710881e+00 1.977894e+00 1.181861e+00 2.648278e+00 1.871669e+00 1.382561e+00 1.822568e+00 2.631069e+00 3.167003e+00 2.912619e+00

2 62 3 0 4
 -3.061711e-02 2.317765e-01 3.838606e-01 -7.260532e-01 -3.011525e-01 -2.782536e-01 7.527558e-01 4.413621e-01 2.332226e-01 -1.277675e+00 -1.333939e+00 2.993859e-01
 8.057127e-01 1.217793e+00 9.774114e-01 1.215250e+00 7.471757e-01 1.058943e+00 8.846591e-01 1.040731e+00 8.598698e-01 1.882202e+00 1.598401e+00 1.418319e+00

2 61 4 0 5
 -1.116250e-01 1.378027e-01 2.590871e-01 2.486156e-02 5.176648e-01 6.439378e-01 -7.294136e-01 -1.688101e+00 -1.407938e+00 -1.220523e-01 -3.032211e-01 5.224196e-01
 7.738732e-01 9.267293e-01 1.393713e+00 7.074801e-01 9.532691e-01 8.421594e-01 6.998528e-01 1.223767e+00 1.838183e+00 1.476675e+00 1.276600e+00 1.333035e+00

2 60 5 0 6
 -3.325815e-02 7.544470e-01 -6.178489e-01 6.654988e-02 8.752502e-01 -1.028247e+00 7.483838e-02 4.065224e-01 -5.782420e-01 8.699880e-02 8.281915e-01 -7.252637e-01
 1.552001e+00 8.833923e-01 2.353498e+00 9.763896e-01 7.905391e-01 1.446722e+00 7.742090e-01 1.198159e+00 1.303066e+00 2.273243e+00 1.575219e+00 1.850375e+00

2 59 6 0 7
 4.202768e-01 4.174584e-01 -2.998690e-01 9.978137e-01 5.594154e-01 1.617474e+00 1.387310e+00 -1.243016e-01 4.745637e-01 2.719404e-01 -2.100880e-01 -1.071257e-01
 6.673205e-01 9.872208e-01 7.103623e-01 1.090747e+00 8.330209e-01 1.288480e+00 7.256910e-01 9.626373e-01 1.245799e+00 1.472330e+00 1.743744e+00 1.669165e+00

2 58 7 0 8
 4.316391e-01 -8.175016e-01 2.815436e-01 4.615269e-03 -1.003032e+00 1.291276e-01 3.991618e-01 -2.393154e-01 8.160217e-01 1.194463e+00 -1.947869e+00 7.532089e-01
 5.740062e-01 8.007320e-01 6.213140e-01 9.994907e-01 8.442605e-01 6.958723e-01 9.074088e-01 9.986748e-01 5.904934e-01 1.009632e+00 1.595807e+00 1.652544e+00

2 57 8 0 9
 7.898207e-01 3.507820e+00 8.583558e-01 -5.520986e+00 -3.119268e+00 1.294687e+00 -3.497881e+00 1.446140e-02 6.129721e-01 -1.350501e+00 6.452867e-01 1.095474e+00
 8.510995e-01 3.938929e-01 6.879410e-01 1.480007e+00 4.296292e-01 1.456392e-01 2.024556e-01 1.175755e+00 5.232829e-01 4.507936e-01 1.005164e+00 3.456748e+00

2 56 9 0 10
 -3.049662e+00 3.417838e+00 -6.127973e-01 1.787629e+00 4.539293e+00 1.905799e+00 1.481112e+00 -2.146651e+00 -1.065827e+00 4.428001e-03 -3.135311e-01 1.816219e-01
 5.471782e-01 5.560257e-01 3.726058e-01 2.773083e-01 6.896515e-01 4.057382e-01 1.808065e+00 7.156343e-01 4.893266e-01 7.425653e-01 5.128097e-01 1.051338e+00

2 55 10 0 11
 4.098393e+00 -1.087609e+00 -4.798546e-01 -1.332234e+00 -1.540113e+00 2.163300e+00 -2.771155e+00 8.937908e-01 -4.134599e-01 -1.827790e+00 -1.339958e+00 -5.597886e-01
 4.307735e-01 6.964642e-01 5.635957e-01 4.655815e-01 4.475839e-01 3.875206e-01 3.001978e-01 1.059817e+00 6.302845e-01 8.961573e-01 1.494532e+00 2.488613e+00

2 54 11 0 12
 8.914354e-02 1.787924e-01 9.326437e-01 5.969254e-02 -5.523135e-01 -8.357327e-01 -6.203122e-01 -6.571900e-01 -1.754373e-01 1.773233e+00 2.224848e-01 -3.658054e-01
 1.173381e+00 1.208287e+00 9.454970e-01 1.107549e+00 8.293526e-01 1.219705e+00 9.847044e-01 7.513381e-01 1.563863e+00 1.474306e+00 1.284282e+00 1.796370e+00

2 53 12 0 13
 -3.658333e-01 3.241054e-01 2.296027e+00 -1.322498e+00 -1.341821e+00 1.423135e+00 8.369637e-01 -2.666384e-01 -3.200758e+00 1.912518e+00 8.716378e-01 -1.112202e+00
 4.886478e-01 1.551225e+00 7.841284e-01 2.999021e-01 4.676578e-01 4.797086e-01 6.488427e-01 7.277516e-01 5.567616e-01 1.600646e+00 7.134665e-01 9.996368e-01

2 52 13 0 14
 -5.972205e+00 4.261991e-01 6.616288e-01 2.780399e+00 1.568888e+00 -9.476768e-01 4.498842e+00 1.080295e+00 7.609724e-01 -2.696002e+00 -2.555701e-01 6.187399e-01
 1.134833e+00 4.868778e-01 3.516256e-01 9.026220e-01 2.351791e+00 2.683595e-01 4.468774e-01 6.752157e-01 1.461428e+00 7.652299e-01 2.371611e+00 1.821121e+00

2 51 14 0 15
 -1.970365e+00 -1.338587e+00 -1.601294e+00 2.804194e+00 2.382182e+00 -3.063678e-01 2.224809e+00 -5.854282e-01 2.202620e+00 -2.116734e+00 8.692635e-01 -3.439782e-01
 6.467009e-01 5.696469e-01 3.202000e+00 4.831425e-01 7.952971e-01 1.077556e+00 2.230602e-01 4.646595e-01 1.066687e+00 1.765600e+00 5.403039e-01 1.791378e+00

2 50 15 0 16
 -3.663108e+00 1.090387e+00 4.450259e-01 1.115865e-01 1.992017e+00 2.095486e+00 -5.520394e-03 -4.050296e-01 1.585667e+00 1.238022e-01 2.286934e-01 6.959068e-01
 4.782307e-01 5.975090e-01 4.808850e-01 4.394065e-01 4.000656e-01 6.436079e-01 5.121449e-01 7.033130e-01 7.047207e-01 1.046243e+00 7.282924e-01 9.780370e-01

2 49 16 0 17
 2.311400e+00 -3.211455e+00 -1.707114e+00 -1.053110e+00 7.222041e-01 -5.798379e+00 -1.933608e+00 5.011425e-01 -5.103393e-02 3.985030e-01 -2.609015e+00 9.103919e-01
 1.048422e+00 9.374598e-01 2.186315e+00 1.706733e+00 7.312832e-01 1.708927e-01 3.443454e-01 6.347139e-01 3.449495e-01 2.815356e+00 6.839233e-01 1.339094e+00

2 48 17 0 18
 5.595758e+00 2.743129e-01 -1.997731e-01 2.288206e+00 1.944788e+00 -3.079249e+00 -3.178864e+00 1.546524e+00 1.991882e-01 -1.315771e+00 -7.152777e-01 -1.906133e-01
 9.377715e-01 8.857656e-01 1.515386e+00 3.238380e-01 5.116784e-01 2.492148e-01 2.184798e-01 7.598928e-01 1.174986e+00 1.399482e+00 3.503482e+00 2.850950e+00

2 47 18 0 19
 -3.165448e+00 -1.559937e+00 -1.968587e+00 1.029872e-01 9.265042e-01 -5.245609e-01 2.484578e-01 -3.112467e-01 -9.754504e-02 2.505624e-01 -8.318084e-02 -1.337328e+00
 6.698665e-01 8.321741e-01 7.241377e-01 4.883410e-01 4.026341e-01 1.026949e+00 1.142415e+00 6.057628e-01 7.316594e-01 6.943327e-01 1.781219e+00 1.411569e+00

2 46 19 0 20
 9.959909e-01 4.711286e-01 2.163313e-01 -2.167081e+00 -1.711005e+00 1.606761e+00 -3.449461e-01 5.667789e-01 6.004969e-01 4.606263e-03 2.488658e-01 2.561589e-01
 7.286274e-01 1.100390e+00 1.271599e+00 6.637071e-01 5.801037e-01 1.154893e+00 7.640232e-01 8.863854e-01 6.275379e-01 1.048937e+00 1.907130e+00 1.296937e+00

2 45 20 0 21
 6.054624e+00 -2.999680e+00 -3.246290e-01 -3.651971e+00 -8.552556e-01 2.529490e+00 -5.023105e+00 -8.205818e-01 -7.082027e-01 3.062515e+00 1.666561e+00 -1.745854e+00
 2.416729e-01 6.600428e-01 2.534198e-01 1.051139e+00 5.802251e+00 7.326562e-01 1.095707e+00 3.079885e+00 1.604264e+00 4.521693e-01 8.588934e-01 1.356006e+00

2 44 21 0 22
 3.968261e+00 2.425584e-01 6.107919e-01 3.575417e-01 -1.614685e+00 6.109968e-01 -2.344962e+00 -5.271066e-01 -2.391746e+00 2.003036e+00 2.050094e+00 -1.255026e+00
 7.391849e-01 6.694908e-01 2.737322e-01 2.776268e-01 6.810892e-01 5.093930e-01 4.931122e-01 1.151742e+00 9.563847e-01 1.768719e+00 7.576403e-01 8.929804e-01

2 43 22 0 23
 5.545482e+00 -2.376280e+00 1.026063e-01 8.454853e-01 -2.827231e+00 3.431281e+00 -1.513549e+00 -1.550650e+00 2.164738e+00 -4.414127e-01 -1.314772e+00 -4.611958e-01
 4.079880e-01 7.805492e-01 7.731296e-01 4.150065e-01 2.724868e-01 4.961850e-01 7.057356e-01 3.727259e-01 1.136772e+00 8.737456e-01 9.981188e-01 8.350958e-01

2 42 23 0 24
 4.941626e+00 5.287888e-01 -1.635677e+00 5.576949e-01 -1.751133e-01 -1.273779e+00 -3.467055e+00 6.999628e-01 -1.314482e+00 1.441756e+00 2.050756e-01 -1.720767e+00
 4.013998e-01 1.621921e+00 4.171504e-01 6.295918e-01 6.320205e-01 5.990473e-01 5.205678e-01 6.957662e-01 7.305001e-01 7.829653e-01 1.086044e+00 8.246800e-01

2 41 24 0 25
 2.620152e+00 -4.951070e-01 7.468276e-01 -1.827912e-01 -1.440273e+00 -1.300035e+00 -2.887645e+00 -1.515881e+00 5.810916e-01 -1.071935e+00 8.740850e-03 1.184400e+00
 3.545069e-01 9.597241e-01 5.094674e-01 1.572635e+00 7.636248e-01 3.735372e-01 4.403425e-01 6.259183e-01 9.890035e-01 1.408662e+00 6.394714e-01 1.349640e+00

2 40 25 0 26
 -1.511558e+00 -6.361307e+00 -2.521372e+00 -1.791267e+00 2.636600e+00 -2.636653e+00 -2.239861e+00 5.847236e+00 3.667013e-01 -1.673051e+00 8.037090e-01 -2.532952e-01
 2.310094e+02 7.194489e-01 4.976661e-01 2.747509e-01 6.396602e-01 1.005281e+00 2.139404e-01 2.539698e-01 3.330299e-01 2.348380e+00 4.560898e+00 1.321257e+00

2 39 26 0 27
 -7.114100e-01 1.713527e+00 1.284006e+00 2.081769e+00 -2.874156e-02 1.472610e+00 4.738404e-01 -4.205202e+00 -3.172489e+00 1.133050e+00 1.583531e+00 1.394310e+00
 1.467883e+00 1.141269e+00 5.752841e-01 7.955266e-01 3.065874e-01 5.562503e-01 2.717564e-01 7.162887e-01 4.326579e-01 6.439533e-01 4.318993e-01 6.016691e-01

2 38 27 0 28
 -2.910914e+00 4.658793e-01 -5.200609e+00 7.736053e-01 3.794414e+00 8.895522e-01 1.826632e+00 1.388926e+00 3.778507e+00 -4.139237e-01 -7.042134e-01 4.654790e-01
 1.955871e-01 9.120003e-01 3.879962e-01 7.118742e-01 3.353691e-01 5.552431e-01 3.381250e-01 7.696947e-01 8.511509e-01 1.368155e+00 1.029578e+00 1.712070e+00

2 37 28 0 29
 -4.797482e+00 1.029667e+00 5.564016e-01 -7.298926e-01 1.236449e+00 -1.414555e+00 1.439998e-01 -2.344182e+00 -7.146920e-01 2.830298e-01 3.011223e+00 2.287484e-02
 2.862152e-01 8.004763e-01 5.004634e-01 2.904258e-01 7.100189e-01 4.610703e-01 2.810658e-01 7.376608e-01 1.822927e+00 1.068306e+00 9.808506e-01 1.479948e+00

2 36 29 0 30
 -2.202790e+00 -3.761284e+00 -9.416203e-01 -3.956459e+00 -1.046281e+00 1.387834e-01 -8.462235e-01 9.452516e-01 3.183932e-02 -1.778219e-01 7.473063e-01 -3.658716e-01
 6.043844e-01 6.814450e-01 4.821643e-01 4.295923e-01 7.560256e-01 4.947767e-01 1.549298e+00 5.221016e-01 1.161268e+00 1.007465e+00 1.213101e+00 1.091507e+00

2 35 30 0 31
 1.071260e-01 -1.881360e+00 -3.809536e-01 -2.624454e+00 -2.553244e-01 -1.935998e+00 -1.078316e-01 3.989125e+00 1.497540e+00 -1.653875e+00 1.125984e+00 -5.993930e-01
 1.265243e+00 1.464165e+00 8.928283e-01 1.476736e+00 2.639559e-01 1.983277e+00 5.332580e-01 9.671304e-01 1.174055e+00 1.136867e+00 5.524170e-01 2.995290e+00

2 34 31 0 32
 2.714215e+00 -1.054907e+00 4.832784e+00 -1.148514e+00 -4.392982e+00 8.447283e-01 -3.079505e+00 -6.983904e-01 -2.614993e+00 8.671219e-01 1.342390e+00 -1.008347e+00
 5.617045e-01 1.036219e+00 4.973421e-01 7.961002e-01 5.178062e-01 7.516218e-01 1.039191e+00 5.002329e-01 1.439236e+00 8.123024e-01 3.846723e-01 9.442524e-01

2 33 32 0 33
 -1.104755e+00 -2.556576e+00 -5.382201e+00 -1.018563e+00 4.024958e+00 1.519801e+00 -7.249631e-01 -2.080827e+00 1.230888e+00 7.658106e-02 9.976062e-01 -1.075882e+00
 3.007960e-01 1.267368e+00 5.497867e-01 2.429210e-01 9.701456e-01 3.206241e-01 1.231625e+00 7.994837e-01 4.139843e-01 5.531237e-01 5.964184e-01 1.893830e+00

2 32 33 0 34
 4.926332e+00 -8.817974e-01 -9.744924e-02 -1.675606e+00 -1.342720e+00 1.116348e+00 -6.025658e+00 1.150186e+00 1.091394e+00 -9.318765e-01 -3.063329e+00 -4.582664e+00
 2.109756e+00 6.383232e-01 6.177292e-01 7.386145e+00 2.472780e+00 9.381113e-01 8.338365e-01 2.017746e+00 9.589745e-01 1.050256e+00 1.250072e+00 8.740263e-01

2 31 34 0 35
 2.760874e+00 2.296757e+00 1.977730e+00 -1.119698e+00 -1.258348e-01 2.884445e-01 -3.203866e+00 -1.927794e+00 -2.972500e+00 -1.537992e-01 -1.119633e+00 -4.164985e-01
 7.660881e-01 3.996423e-01 1.042801e+00 3.656255e-01 3.917874e-01 6.552585e-01 4.720010e-01 1.455618e+00 1.092701e+00 5.713511e-01 1.368065e+00 1.566480e+00

2 30 35 0 36
 5.623660e+00 -1.782268e+00 2.300168e+00 1.145339e+00 -3.284661e+00 3.078701e-01 -3.429090e+00 1.024220e+00 -1.032321e+00 1.998087e-01 -4.762759e-01 -1.063193e+00
 5.673394e-01 1.139129e+00 6.267598e-01 5.807446e-01 8.579546e-01 6.090982e-01 2.507121e-01 1.276063e+00 6.316343e-01 1.228877e+00 6.009543e-01 6.454827e-01

2 29 36 0 37
 2.117406e-01 4.559525e-01 -1.232672e+00 -5.896030e-01 8.886851e-01 9.221404e-01 -2.717544e-02 -1.046926e+00 -4.604677e-01 1.719548e+00 9.403626e-01 -1.357800e+00
 9.797907e-01 9.437076e-01 8.066455e-01 6.454636e-01 1.320032e+00 5.396848e-01 7.621163e-01 8.945265e-01 6.613000e-01 9.959558e-01 1.093621e+00 1.375044e+00

2 28 37 0 38
 -1.713474e+00 -1.165201e+00 -1.222964e+00 2.125844e-01 2.447097e+00 2.382360e+00 7.160560e-01 2.654014e+00 -1.858630e-01 5.274114e-01 1.367644e-01 -3.823188e-01
 2.929259e-01 1.232535e+00 5.584323e-01 5.175838e-01 5.256600e-01 6.254241e-01 8.344801e-01 3.997540e-01 1.060732e+00 7.202009e-01 5.475936e-01 9.138815e-01

2 27 38 0 39
 -4.198767e+00 -2.985978e-01 -3.694191e+00 -1.486073e+00 2.007539e+00 -1.720841e+00 1.529708e+00 1.341362e+00 1.692442e+00 -2.639797e-01 1.707996e+00 -6.435198e-01
 5.164784e-01 6.254220e-01 6.318365e-01 8.083967e-01 4.437190e-01 2.633326e-01 9.906508e-01 3.852963e-01 8.241581e-01 4.470945e-01 9.885157e-01 2.004652e+00

2 26 39 0 40
 2.451113e+00 -1.982205e+00 5.882964e-01 -5.658292e-01 -2.509515e+00 9.340681e-02 -2.301907e+00 2.412368e+00 -1.049139e+00 6.158531e-01 7.110801e-01 -3.024929e-01
 7.905170e-01 7.719515e-01 9.985119e-01 7.309980e-01 3.737345e-01 2.706907e-01 7.145396e-01 4.846944e-01 8.600365e-01 7.989807e-01 5.245360e-01 9.762577e-01

2 25 40 0 41
 -3.116027e-02 1.974450e+00 -1.788191e+00 2.962269e+00 2.407058e+00 9.988517e-01 -5.177339e-01 -2.775447e+00 -5.615433e-01 5.189442e-01 -7.078595e-01 -1.263639e+00
 7.255053e-01 7.848380e-01 5.462061e-01 5.461212e-01 3.289167e-01 3.848993e-01 5.558874e-01 5.804422e-01 7.020482e-01 3.904525e-01 1.034132e+00 7.591885e-01

2 24 41 0 42
 -1.126741e-01 -2.671937e-01 4.236214e-01 -4.857712e-01 -5.630886e-01 5.557081e-01 -1.241238e-01 -7.481167e-01 -7.654891e-02 -2.382474e-01 1.049894e+00 -1.340367e-01
 1.220080e+00 1.606642e+00 1.350881e+00 1.111506e+00 1.093282e+00 1.193899e+00 9.669504e-01 1.250526e+00 1.355454e+00 1.820956e+00 1.712919e+00 1.865257e+00

2 23 42 0 43
 2.242179e-01 7.084381e-03 -1.366856e+00 4.681393e-01 3.357687e-01 8.340791e-01 -9.818965e-01 -2.373270e+00 2.789841e+00 -4.424202e-01 -1.133601e+00 7.725575e-01
 6.982192e-01 1.169878e+00 4.143635e-01 2.985212e-01 4.366796e-01 4.595419e-01 5.070212e-01 1.413990e+00 6.446732e-01 4.644491e-01 1.616424e+00 6.558810e-01

2 22 43 0 44
 4.940627e-01 -5.448068e-01 -4.431629e-01 2.501036e-01 5.477468e-01 -9.684297e-02 -7.873152e-01 1.685884e+00 1.075562e+00 -6.734295e-01 -6.749054e-01 6.342208e-01
 9.309009e-01 1.676910e+00 5.524401e-01 8.796272e-01 6.986301e-01 6.727178e-01 8.679809e-01 1.851235e+00 9.026086e-01 1.405198e+00 1.309189e+00 1.158477e+00

2 21 44 0 45
 -2.158089e-01 -5.128366e-01 -1.344887e-01 -2.408520e-01 2.320380e-01 1.330096e+00 8.722557e-01 3.882444e-01 -8.431505e-01 -1.286548e+00 -2.205364e+00 -1.999927e+00
 4.678987e-01 7.257089e-01 1.050524e+00 5.382416e-01 6.017480e-01 4.442900e-01 4.595635e-01 3.574895e-01 7.535651e-01 8.025757e-01 9.325758e-01 1.038985e+00

2 20 45 0 46
 -5.348597e+00 -5.896898e+00 9.374058e-01 2.072045e+00 9.315005e-01 -1.312391e+00 7.359609e+00 -1.583351e+00 -8.311985e-01 4.958978e-01 -2.104001e+00 1.679798e+00
 2.135822e-01 4.339607e-01 1.480416e+01 3.602184e-01 5.365483e-01 1.147067e+00 1.612980e-01 2.560816e+01 1.566522e+00 3.429614e-01 5.294837e+00 1.652702e+01

2 19 46 0 47
 -4.009109e+00 -1.151848e+00 6.088026e-01 3.765806e+00 3.125770e+00 -2.508676e+00 5.003637e-01 -1.652095e+00 2.268752e-01 1.037845e+00 1.805590e+00 1.137749e+00
 8.026648e-01 9.406562e-01 1.808662e+00 8.663248e-01 1.059410e+00 1.884223e+00 8.999690e-01 9.533204e-01 3.920495e+00 4.529761e-01 3.445503e+00 1.708921e+00

2 18 47 0 48
 -2.711761e+00 2.996446e+00 6.397483e-01 1.770225e+00 1.876278e+00 -3.510648e+00 2.409179e+00 -1.867446e+00 6.268109e-01 -1.185971e+00 1.399982e+00 5.064690e-01
 2.895407e-01 6.419810e-01 8.102210e-01 1.055396e+00 7.324235e-01 5.782887e-01 4.362918e-01 4.924715e-01 6.097862e-01 4.347199e-01 8.449433e-01 4.277740e-01

2 17 48 0 49
 -2.640555e+00 2.645264e+00 -2.888592e+00 1.534798e+00 5.031013e+00 -2.692707e-01 2.827653e+00 -1.023561e+00 2.616606e+00 6.996846e-02 -9.539110e-01 6.544380e-01
 5.175421e-01 4.351437e-01 1.206073e+00 3.477070e-01 8.097768e-01 4.127572e-01 2.190369e-01 9.672778e-01 4.559105e-01 7.555746e-01 1.212803e+00 1.028481e+00

2 16 49 0 50
 8.266554e-01 2.727698e+00 -8.739505e-02 -2.843882e+00 -3.182528e-01 1.438639e+00 9.980311e-01 -1.050665e+00 -1.702596e+00 5.326843e-01 1.030467e-01 7.998413e-01
 2.138841e-01 5.201623e-01 5.051455e-01 7.145739e-01 2.105454e-01 6.746136e-01 6.775598e-01 1.334971e+00 8.350053e-01 4.435215e-01 7.227225e-01 1.994557e+00

2 15 50 0 51
 -1.018512e+00 3.271258e+00 2.398392e+00 -1.650747e+00 -1.133487e+00 9.062806e-01 1.609110e+00 -1.530305e+00 -4.964082e+00 6.061135e+00 1.075039e+00 -8.338224e-01
 1.127786e+00 1.907434e+00 2.840361e+00 9.995625e-01 6.336495e-01 8.655328e+00 4.957223e+00 4.129869e-01 6.735991e-01 1.865422e+00 2.053549e+00 3.968229e+00

2 14 51 0 52
 -5.635524e-01 -1.159950e+00 1.023257e+00 1.990795e+00 8.100599e-01 -1.738443e+00 -1.167379e+00 4.806568e-01 1.514075e+00 8.502059e-01 -1.746171e+00 -1.562036e+00
 1.197047e+00 4.060856e-01 4.318552e-01 9.406669e-01 4.450416e-01 4.277972e-01 5.413619e-01 4.034785e-01 6.039010e-01 7.651874e-01 9.206461e-01 1.061272e+00

2 13 52 0 53
 -6.189589e-01 -6.655130e-01 -7.451721e-01 -6.547148e-01 -3.209094e-02 3.354331e-01 1.177650e-01 8.244051e-01 7.684688e-01 1.199194e+00 1.514584e+00 1.236964e+00
 7.566011e-01 1.032053e+00 1.023751e+00 1.047641e+00 1.010332e+00 7.293303e-01 1.034600e+00 8.023248e-01 8.454913e-01 1.433453e+00 1.271488e+00 1.190839e+00

2 12 53 0 54
 2.450447e+00 1.961131e+00 2.302712e+00 2.284388e+00 -2.913490e-02 3.375433e-01 2.001159e-01 2.011475e-01 -1.202946e+00 -5.290869e-01 -6.300772e-01 4.691432e-02
 5.159505e-01 7.716939e-01 5.539781e-01 7.624694e-01 3.755132e-01 4.077059e-01 6.317548e-01 4.126800e-01 7.642235e-01 8.287871e-01 1.723450e+00 9.273145e-01

2 11 54 0 55
 -1.456634e+00 2.026675e+00 2.048836e-01 7.954431e-01 2.043145e+00 -1.839515e+00 3.024566e+00 7.491413e-01 -1.855963e-01 -8.084218e-01 -6.925675e-01 1.890604e+00
 1.062858e+00 9.572447e-01 5.952327e-01 4.181930e-01 4.528579e-01 5.470400e-01 6.312065e-01 5.346373e-01 7.052215e-01 8.414761e-01 1.086952e+00 1.178996e+00

2 10 55 0 56
 1.008185e+00 -1.169056e+00 -2.963475e+00 -2.628406e+00 4.717163e-02 1.391136e+00 -1.746031e-01 2.363714e+00 3.304569e+00 -1.202047e+00 -5.035025e-01 -1.638999e+00
 3.665158e-01 9.790126e-01 6.370462e-01 4.259210e-01 5.748243e-01 3.787279e-01 3.110924e-01 5.916886e-01 4.757777e-01 9.053878e-01 9.322047e-01 7.758428e-01

2 9 56 0 57
 1.522133e+00 -2.568086e+00 -5.125356e-01 -8.286945e-01 -2.048723e+00 1.880284e+00 -1.389916e+00 4.464641e-01 1.163531e+00 5.573038e-01 1.860334e-01 -1.424223e+00
 7.105095e-01 6.457002e-01 7.179264e-01 8.469703e-01 4.480053e-01 6.457957e-01 5.303304e-01 7.194298e-01 7.982208e-01 7.413140e-01 6.374152e-01 1.260178e+00

2 8 57 0 58
 -4.138672e+00 1.239479e+00 -2.174722e+00 -4.165456e-01 3.509473e+00 1.684392e+00 3.071104e+00 -8.612624e-02 -3.326747e-01 -1.348300e-01 1.229495e+00 -4.427644e-01
 3.837006e-01 5.495114e-01 5.989188e-01 6.128070e-01 3.641329e-01 4.948958e-01 3.506190e-01 7.814233e-01 5.794306e-01 3.792071e-01 1.444888e+00 1.291912e+00

2 7 58 0 59
 -4.726605e-02 4.723888e-01 -3.554634e-01 -6.020608e-02 7.616259e-01 2.029641e-01 -1.592858e-02 4.757981e-01 -7.546266e-01 -1.846306e+00 4.973642e-01 1.959337e-01
 1.352209e+00 1.103895e+00 1.157766e+00 1.019489e+00 1.183549e+00 8.450982e-01 9.644922e-01 9.193971e-01 1.221118e+00 1.465459e+00 1.148218e+00 1.205367e+00

2 6 59 0 60
 -7.684998e-01 1.343366e+00 1.734024e+00 3.246112e-01 -9.492945e-01 -9.775254e-01 2.960407e-01 -1.759495e+00 -6.329297e-01 -1.143579e-01 7.037760e-01 1.904521e+00
 1.459077e+00 1.346415e+00 7.393906e-01 7.788790e-01 8.405897e-01 9.321544e-01 5.312293e-01 5.399026e-01 6.850823e-01 7.505723e-01 9.884750e-01 1.442676e+00

2 5 60 0 61
 7.742290e-01 -1.726041e+00 -5.670851e-01 -2.657383e+00 -2.584248e+00 -1.639933e+00 -4.378968e-01 2.765241e-01 2.128119e-01 7.835506e-02 2.914187e-01 4.393818e-01
 6.229979e-01 8.772898e-01 5.250777e-01 6.043550e-01 4.747797e-01 5.940582e-01 4.273428e-01 5.825610e-01 5.832269e-01 6.738066e-01 8.856186e-01 7.917641e-01

2 4 61 0 62
 2.576083e-01 3.967318e-01 3.489987e+00 -5.513327e-01 -2.067311e+00 -2.208361e+00 1.345059e+00 1.372015e+00 -2.585906e+00 -9.583213e-01 1.821889e+00 2.858469e-01
 2.532473e-01 8.988501e-01 6.721758e-01 5.425718e-01 3.304340e-01 5.414463e-01 5.574862e-01 4.804387e-01 5.113164e-01 5.203803e-01 8.354421e-01 7.226393e-01

2 3 62 0 63
 1.092670e+00 -9.335575e-01 -3.045391e-01 1.803763e+00 -1.193674e+00 -1.497446e+00 1.128515e+00 4.622301e-01 1.723244e-01 7.830569e-01 5.090817e-01 3.132562e-01
 6.060336e-01 1.163134e+00 9.314243e-01 8.386579e-01 8.001204e-01 7.374429e-01 1.028560e+00 9.286921e-01 7.568448e-01 1.412421e+00 1.173434e+00 1.621832e+00

2 2 63 0 64
 -2.681595e-01 -4.767864e-01 2.565907e+00 1.358692e+00 -1.372210e+00 -2.361002e+00 1.449265e-01 2.336846e+00 -3.199383e-01 -8.880655e-01 -1.176252e+00 1.699274e+00
 8.088538e-01 8.042482e-01 6.455451e-01 5.796708e-01 6.854202e-01 5.434235e-01 4.569917e-01 9.320150e-01 6.433842e-01 8.517499e-01 1.138524e+00 8.078069e-01

2 1 64 0 0
 -2.954541e+00 5.454993e+00 -1.746237e+00 3.693352e+00 6.151716e+00 3.065145e-01 2.147238e+00 -2.416527e+00 1.925878e-01 6.336776e-01 -6.144851e-01 -4.553340e-01
 5.428212e-01 1.841368e+00 3.136473e+00 3.261371e+00 4.455662e-01 4.536057e-01 5.022572e-01 4.112536e-01 2.049174e+00 8.882120e-01 4.507640e-01 9.838136e-01

3 16 1 0 2
 5.318182e-01 -2.517115e-01
 1.065169e+02 1.488370e+03

3 15 2 0 3
 9.335812e-02 -1.978281e-01
 7.191808e+01 9.912267e+02

3 14 3 0 4
 3.281980e-01 -1.132056e-01
 1.071187e+02 1.655235e+03

3 13 4 0 5
 6.274557e-01 -1.808081e-01
 6.800059e+01 1.863386e+03

3 12 5 0 6
 4.356802e-01 6.732223e-02
 1.040095e+02 2.044918e+03

3 11 6 0 7
 2.983615e-02 -6.646704e-02
 8.422820e+01 1.268943e+03

3 10 7 0 8
 6.927645e-01 -8.783068e-02
 9.747758e+01 2.824437e+03

3 9 8 0 9
 -7.379353e-04 1.277579e-01
 5.873563e+01 7.034089e+02

3 8 9 0 10
 4.831084e-01 -5.139824e-02
 1.345045e+02 3.655639e+03

3 7 10 0 11
 7.679156e-01 -2.477712e-02
 2.057741e+02 3.942066e+03

3 6 11 0 12
 2.232401e-01 -7.077944e-03
 1.112447e+02 2.343463e+03

3 5 12 0 13
 5.365768e-01 1.608076e-01
 5.119162e+01 1.016463e+03

3 4 13 0 14
 5.770796e-01 8.598544e-03
 1.633119e+02 3.941439e+03

3 3 14 0 15
 -1.228550e-01 1.214253e-03
 4.259199e+02 2.123834e+03

3 2 15 0 16
 7.608585e-01 7.333107e-02
 1.286977e+02 1.577124e+03

3 1 16 0 0
 8.819216e-01 4.540200e-03
 1.810878e+02 3.987594e+03

